194

17098246
9984670
9572900
9525067
8515767
7692024
3287263
2780400
2724900
2381740
2345410
2166086
2149690
1964375
1904556
1861484
1759540
1648000
1565000
1285220
1284000
1267000
1246700
1240000
1219912
1197411
1127127
1098580
1030700
1001450
945087
923768
912050
825418
803940
801590
780580
756950
752614
678500
675417
647500
637657
622984
619745
603628
600370
587040
580367
527970
514000
504781
488100
475440
462840
449964
447400
446550
437072
406750
390580
377835
357021
342000
337030
329750
329560
324220
322460
312685
309500
301230
300000
283560
274200
269190
267667
245857
243610
241550
238540
238391
236800
214970
207600
198500
196190
185180
181035
176220
163610
163270
147570
147181
143100
131940
129494
121320
120540
118480
112620
112090
111370
110910
109886
108890
103000
98480
93030
92300
91188
88361
86600
83858
82880
78867
78201
72740
71273
69701
65611
65201
64589
56785
56542
51129
51100
48845
48730
47000
45339
42679
41210
36120
35980
33843
32545
30355
29800
28748
28450
28051
27834
27750
26990
26338
25333
22966
22000
21040
20253
18270
17820
17363
14874
13940
13812
12200
11437
11300
10990
10452
9250
5770
5128
4033
2860
2586
2170
1860
1001
754
748
717
702
692
665
620
455
468
458
442
430
389
340
316
300
261
181
160
61
26
21
1

