10000

2791
8733
716
8040
8107
7178
54
4648
5192
4180
4518
659
7737
4823
2337
7565
2433
5674
9592
1895
5926
6616
3196
8424
7910
9597
6671
7957
3616
2038
660
5108
4568
9299
3448
2036
9933
7559
2833
9977
2063
5768
9617
1593
8869
2869
4731
3638
2590
4444
6517
1276
9183
1098
2080
2471
5096
9470
6748
3344
8489
5548
8701
3073
114
9168
1588
47
5012
7986
6560
9284
9936
9035
6584
4846
2987
6034
101
9967
1352
1035
8156
1909
176
9695
8965
8195
694
495
6568
5783
8483
9558
5675
5009
3394
4374
3118
5661
1143
1707
7419
3430
2792
7210
1903
1167
2457
6900
3509
859
5419
3520
9001
9050
8556
4024
2624
555
2488
7963
4429
2730
170
391
6449
5342
9803
7025
4730
9085
865
3906
8792
9214
832
8544
6532
9409
6749
4637
1802
4996
155
7849
3939
3950
6105
5843
3371
8734
7024
1800
5101
1938
9931
6979
2334
3968
1256
4530
5817
1524
6863
3741
560
1564
6189
1165
519
6540
8473
2667
3548
3259
5923
8324
3494
9493
3386
346
3610
9582
6574
2672
5692
2716
1231
9774
2263
5329
3776
1331
4968
2073
9868
8889
916
8239
1143
430
122
148
1896
8828
1466
9046
6927
584
1570
8328
8895
1954
895
3565
8601
590
4015
9688
4398
2170
6472
9987
7581
3130
8964
7096
9054
2583
664
7024
8828
8777
7430
3459
3973
8044
7357
1097
2548
7077
5695
3508
710
2600
3487
3213
7720
6010
9463
9054
8893
4411
2686
8692
9673
3619
4267
2116
4941
3159
34
5427
6453
8083
2478
2838
7867
7488
9535
8818
1181
5042
9767
1619
642
2527
8409
4063
158
3440
6372
7350
8091
16
4794
8958
8927
3704
1022
6194
4793
6089
7982
2879
1010
4514
7873
7806
8979
4251
2764
98
6574
6988
9298
8421
886
3577
2003
8111
725
7544
9893
2707
6550
4687
4038
4133
3673
3239
9543
8818
522
8529
4003
5429
7486
5877
5905
3544
3473
5503
681
1636
6666
3670
9157
6976
3169
4978
2989
9757
2267
1739
4364
8610
9793
7732
2688
4971
1793
5252
9313
9288
9086
6357
2429
2939
9581
1481
8171
5907
9299
1165
736
1762
4924
9571
3813
8291
406
1641
8019
4254
7637
9307
4172
160
6578
5975
227
3707
3300
2672
476
8598
5389
3712
9244
8788
2915
4480
7695
8931
9718
9070
1617
5757
4184
875
81
4444
841
4948
9732
8653
4152
6994
7130
2832
3679
175
2034
627
5433
7563
7831
3821
7684
5041
1387
2063
745
6736
3544
4845
9332
2634
3187
3678
2983
5953
2368
4224
4707
6042
7318
5252
561
1113
339
3736
3155
3944
562
3139
241
2844
7325
4996
5469
9633
8557
2257
2175
6166
7948
6578
2603
1016
8911
682
4401
8335
412
1268
3372
1621
9565
7541
6504
6150
8564
5373
2130
5158
9022
7350
4670
6525
5050
4511
9892
8665
7524
6471
2871
6600
5920
2773
4884
1789
790
9841
7401
2190
9531
4687
987
2226
423
8652
4476
5865
5097
1903
5066
9877
7565
2133
3154
8433
8735
8991
6649
4742
8931
9106
8275
130
7375
5291
5943
6104
6795
7472
660
309
3365
2210
8642
3033
7057
2305
4290
6899
5129
7894
8539
8759
1961
5702
2702
9438
1741
3675
1385
3934
6603
4061
9314
1969
1750
9226
5983
6355
794
955
8913
4577
9119
5815
1012
7147
404
6257
42
4872
1621
9591
8518
5977
4785
4685
485
3186
9555
9311
7592
326
9356
9436
614
7798
5120
5413
4178
6349
4985
9058
1790
8956
5309
9861
5509
1387
8233
8244
9569
2992
3669
8672
132
636
9092
5693
3924
325
8784
1533
7014
3047
5298
4719
1217
3628
9820
5436
9687
3967
4829
4756
5151
4962
2007
1729
3932
4583
696
4435
6418
3157
7378
8505
9955
687
4608
9397
3278
5233
8648
2748
2544
5823
8640
494
7788
8142
6564
9140
5188
6333
6483
554
4926
9642
3581
4950
6620
8362
8388
375
4304
9556
9224
2913
774
9342
6401
7095
6732
5247
4978
6523
3626
9008
9002
630
333
7562
9063
4641
2898
7479
6727
6314
3452
6055
3946
4846
9095
445
2904
4433
4073
4774
1932
7432
8868
3995
6072
9788
7986
2393
6704
4466
4154
4133
3217
6983
407
2990
1144
832
3102
8512
5400
9571
8312
6252
4299
6660
1223
430
9895
3751
3170
8399
2838
3068
3783
7632
5431
9752
6340
7613
4856
5614
2874
941
9642
6591
1832
270
6371
2398
5175
278
328
8357
3673
6748
3372
6193
8856
8092
4623
2689
7596
8118
4761
2559
607
2752
2679
4608
9286
7494
4051
8317
6282
6932
4961
1374
3906
2339
162
7322
1112
8530
4760
6526
4122
6508
171
2939
7984
4165
22
3774
6373
3329
9374
9138
4745
7779
1094
3896
7593
3496
6495
4621
4026
9401
3493
327
7116
4078
4408
6897
1548
1595
7296
1574
1005
7420
9221
5718
1389
3640
7248
1145
8510
1237
3070
7785
9195
5981
207
8149
2893
3681
8470
7154
6809
9982
8999
4222
1355
9669
4596
8235
4287
536
4319
4959
1267
7276
8312
812
7792
1555
8742
6503
2459
5464
5330
8994
4324
6885
9486
459
7775
6940
9333
8512
6783
1686
8988
2800
6630
2447
9424
9275
5327
1822
4928
4930
8785
5252
8740
2601
3504
1281
3784
7558
8085
7147
9597
5028
141
192
4520
557
8368
9727
3006
3141
455
8445
1523
4474
6277
7254
2920
6296
2384
2491
8371
1842
8210
9882
8054
6695
6578
5320
6547
8972
1125
8545
6643
8684
1075
2195
5697
1381
9428
5279
1976
1724
4086
7152
4531
8521
2674
5292
9064
3924
917
7818
3973
5982
1304
9542
5298
5571
3457
8589
6660
5813
152
9141
435
4546
3249
4693
9387
8148
1932
5352
3781
8065
1590
2198
7603
9785
5454
1476
8906
7644
2657
1482
3569
7892
5778
5422
8758
6707
8126
4217
2259
9498
6036
4247
6510
2750
4257
6409
1623
9928
3159
4444
13
8475
4934
2521
6309
5867
2218
4289
185
8807
6630
8227
6437
1189
6628
7013
6202
3217
3761
1833
5545
6239
3911
6105
2838
5242
5436
6904
4286
3716
9281
6529
7805
3654
7043
1141
8997
6828
1747
8135
9446
2144
2679
9036
6729
7887
9974
76
7628
6983
6882
8358
843
7995
7633
7494
3195
4538
6645
2994
3782
1003
453
4279
3830
3077
7193
7200
6107
7386
9714
8192
6663
5770
7497
8788
3400
6222
9401
7129
506
4295
4001
1294
5155
5916
6748
7829
3034
4982
3539
7666
2226
6849
8397
799
792
1882
8918
510
1969
1609
6901
7765
2357
3699
3145
6432
2646
972
4791
420
7522
3982
772
4520
1219
6289
5950
1769
7846
6509
7344
1496
1123
1456
6491
3851
6420
248
407
8587
9118
118
9905
8141
7212
851
8081
7648
2828
6281
3666
7408
6826
8049
3644
6576
3067
8990
7045
318
4040
902
7132
6560
7551
4239
2359
2584
4967
5287
7407
6195
5095
9778
4361
943
4199
563
687
13
1909
978
5022
8739
4769
4809
4010
1459
4078
8426
3419
4428
2302
554
4598
2854
2839
399
2956
6765
1198
5423
8617
7386
1756
5901
643
2980
3191
4599
5290
672
7383
6404
5671
8729
1153
4519
4855
1914
7536
6987
6994
1106
3473
9726
1335
7210
3756
9997
2157
8500
6886
7282
3598
45
7080
6940
2086
3603
8085
5657
691
6498
8709
6731
9074
8339
6973
7516
9912
5221
9688
988
7694
2013
6910
8307
8607
4711
6182
9520
847
6474
9809
5070
3166
2923
9470
1687
5695
4562
6419
2382
1188
6761
2240
1784
6685
653
4661
4852
5306
1492
5300
9122
5408
4571
1362
8076
9628
2606
1301
5962
9505
2667
5241
2465
2294
5186
4568
8970
5358
2351
1493
6874
104
8295
8656
2365
1782
8859
833
1425
3709
4455
5713
3404
4452
5563
8336
1456
4335
6729
4273
3389
3295
1594
9947
6997
5515
8451
4554
9853
7562
3069
6988
4699
5809
3160
2895
8075
5810
6726
1526
1619
989
4753
9400
2617
533
7242
7964
2783
6665
410
5422
2017
9653
2024
8678
6936
4820
1330
9958
2327
9599
9771
4081
7398
249
8813
6586
7635
7217
1584
9952
7433
5360
5726
5022
8262
212
5928
7377
2055
4327
5896
3914
9780
8372
1215
3162
672
57
6469
3962
8514
287
2320
1072
7496
9968
771
2979
1709
2792
9800
6734
9123
9033
1711
6987
3006
2864
3116
1570
1202
1083
8267
3942
6402
4197
1639
3604
8605
1837
91
9211
4360
3178
9744
5496
6013
9636
7778
4379
8228
1504
4759
2653
8328
2363
8827
3502
1624
5146
9078
6774
2838
1517
1847
3403
9973
1904
213
2675
7528
6927
4034
7117
1836
2271
5086
8745
2474
8075
9469
2073
209
837
7341
3893
3714
508
8267
7135
4453
7955
8968
6323
1524
8318
9125
5086
6020
3896
25
2007
7510
6157
294
9668
3629
227
2759
3188
7418
6779
6539
8768
6079
5632
8900
9784
9101
2569
2092
7869
3335
5892
1422
9025
7530
2045
2168
347
9076
284
4564
1189
1281
4815
8068
3729
346
9082
8400
1790
7407
947
3408
3517
2498
9419
6742
3049
4102
3247
1517
8658
65
9229
9665
29
3089
3415
6539
5293
6757
1481
4448
9261
6121
5552
3290
7858
209
3455
1223
226
2537
3002
3386
9153
9679
8263
2105
2541
7257
6991
7706
3485
7339
8366
5113
4196
1161
8066
7713
9468
6332
3286
6655
8705
8240
3780
677
1603
1250
6268
8872
1510
6448
8620
6341
2223
9214
7095
636
8496
1668
4650
5065
7918
2201
797
3478
1968
6694
3842
9991
7028
3793
4471
6245
1943
9663
5570
8267
7314
6010
6955
4775
3104
8834
5254
8861
5414
4392
8553
5369
270
3131
2622
7024
2167
1989
572
3368
7736
378
563
7918
425
5432
6874
597
330
7619
8058
4460
4451
8737
2174
7998
6545
449
3162
6926
2490
3023
4318
2208
6589
776
4505
4339
6639
2785
263
7394
709
4912
2302
197
6592
1909
7981
6132
5646
6420
2342
7562
6384
5084
9022
5599
9559
622
8926
1068
5721
2762
8955
7897
8288
197
5245
5876
9998
359
5421
5773
8286
3758
2161
6108
5619
4829
6018
7541
4092
1850
8882
7822
9709
4302
747
7478
682
7265
1485
4043
5815
8930
6247
507
3558
9088
7790
1902
9719
3620
1543
2430
1921
2402
9546
4421
1940
5808
7537
9517
2786
8050
5402
1976
6044
3941
4962
3736
6380
9381
656
990
4349
4833
8037
2412
5690
5380
2241
9882
5144
560
3536
3602
5496
2117
9940
4814
8010
8051
7504
982
8752
6899
7288
287
6345
7047
4356
4523
666
2074
8159
2104
8703
4591
5563
5763
3317
7874
7498
2762
3043
6702
7674
8943
6186
6218
7183
1788
490
420
1889
1815
421
9901
492
6085
7708
1859
9908
2396
7222
4063
1146
7798
9489
8453
3296
473
3163
9374
5412
9767
5665
6049
6069
5125
7832
8827
8245
1085
8927
4010
2749
2080
1618
2571
6930
7810
2675
4005
6600
7171
4015
7686
8222
6368
485
627
5279
4692
5281
2326
7437
9687
1297
4528
3627
1945
6809
6129
498
8599
6935
1219
5822
3758
8061
1318
2382
3551
1044
1199
1628
3273
419
1413
7974
4163
1062
9594
3965
7785
801
6949
3781
6671
7323
5943
7514
923
394
129
1498
1799
5879
7319
610
4970
6353
2830
6893
8090
4172
443
5120
9597
6832
4855
9994
8249
1124
937
1553
5813
2174
1870
5053
8517
5777
413
9119
6413
7635
4922
1256
3638
1056
4533
2970
6710
5478
5960
7674
2439
1785
7716
3342
1854
6796
6275
8406
1574
8531
2659
3828
9511
5914
7263
6415
7463
1402
5331
8516
9199
2724
5441
7015
8976
374
8602
200
2071
793
6108
4503
5884
1281
180
4415
7428
1616
2594
7891
634
9035
3008
6499
4763
7845
479
4234
3477
2204
8800
1427
2605
859
8724
525
3489
5537
7859
8628
7976
523
2109
7623
523
9542
870
6529
2732
7480
1906
2210
5642
8712
798
4036
5585
842
4181
5231
51
2514
5588
8685
1092
6622
7671
7816
5091
5725
4805
3698
9403
4756
5617
8144
8314
7232
5897
8652
3055
5076
8483
5233
3191
8890
8230
1005
9602
5078
6983
8130
2489
8537
5571
8199
1368
4839
7307
1478
7846
3774
174
2563
6117
6936
2986
944
605
5615
4142
3746
4921
1715
290
4464
1421
3587
6218
5913
6025
767
6580
7811
8698
6415
4684
9412
5988
3956
3536
5434
8386
4864
9512
9164
1897
7856
9662
66
186
5850
9452
4479
942
5944
8988
7063
7685
9436
2208
7538
6132
3407
5385
1959
2482
2782
8365
269
9456
1906
4406
2215
4827
7690
2246
1828
6264
2157
7060
6624
5822
807
5343
1437
7168
4673
2450
8374
8714
8119
499
3774
6245
1527
8665
215
9330
7819
7502
6676
6833
4477
3866
2734
8184
8156
3257
3349
8710
7315
1955
9200
9299
9369
2191
3837
2944
2786
9767
2952
3287
1302
5071
2963
3209
6927
5173
5825
4709
810
6884
4465
4837
6181
8027
8567
6287
5546
6950
3577
5426
5142
8363
6741
4963
3237
6931
2743
3263
5267
8761
8084
7390
8062
4902
7735
2368
7426
284
9792
4854
8204
6145
3858
5447
3627
3921
6721
198
1211
3832
4508
8533
5775
1927
3968
1760
6243
5257
6775
3616
1815
5989
9818
1889
4820
1791
1349
8050
2105
1630
7526
59
4165
3211
6427
2008
1385
763
6915
3127
9752
9577
7870
7806
4174
6801
9269
7778
6150
6317
322
7353
3964
9259
1488
2692
7773
684
6526
6538
9050
7235
7993
467
3632
251
4558
7834
358
3705
1353
1847
2697
6605
5213
4907
9112
5037
5101
7291
8963
9910
4258
5526
4703
2638
4736
3417
7828
2491
6789
1552
5596
6148
5369
4364
7877
2119
3415
7309
8650
104
6999
611
4686
8150
495
112
4674
8468
893
294
5733
6184
9153
9254
595
3959
3042
556
8027
9411
302
2231
1075
1582
3185
8967
2557
7305
5401
9495
4938
8274
355
7567
2150
4832
5168
1538
4247
3091
8443
4549
1864
7833
984
4568
6395
4834
7747
1141
3488
2756
6206
3603
2054
6542
982
3718
8276
1383
7123
4233
4336
8751
4732
3675
4497
3732
5772
6871
7016
5956
9823
123
8923
4795
9353
9768
2170
3163
6580
2915
3828
3270
3459
9571
84
1966
3460
6070
3638
2953
8853
744
6768
8051
31
4124
7790
9963
4016
7601
6958
4548
7774
6432
8940
1448
8194
5274
2920
8143
4679
6990
8100
3952
2170
8390
1942
7358
2126
9786
805
2096
6493
8738
7838
4929
5012
2244
927
743
9371
5740
4336
8672
8608
1779
1223
6309
8990
5986
692
7776
8122
3019
2221
5380
7443
641
2375
3921
9451
5720
3553
1314
6034
2014
2193
9140
2076
5926
4330
1965
4156
3061
9695
4837
7611
5397
1658
4228
6484
6128
9205
8884
9950
6861
8908
3532
5708
9717
9347
192
5510
5118
7831
8980
524
4564
9402
2697
4534
6537
1117
7271
1124
2819
351
3144
6941
1988
4516
1089
6893
6609
965
9614
8691
744
105
107
3564
4794
1779
181
7143
5401
4812
5288
9528
9177
2315
3634
6388
335
791
9625
3553
3982
9391
6668
6030
8767
6765
1006
8621
4875
6886
4449
9387
5936
1919
5351
9115
6315
9795
3998
9598
8460
6456
696
1090
8541
7938
2263
4603
2387
5419
5383
7833
7962
7163
3341
4482
5000
4872
6019
5468
7258
8409
1721
7120
7906
2047
3375
5809
3966
7467
995
686
1449
3565
6876
6198
8849
802
9934
3882
2982
8314
867
8553
7840
5273
342
7474
4048
4109
8294
2350
3838
2120
3613
3036
3993
9712
9979
8773
7155
8058
5399
7427
70
6335
160
5746
5901
8830
296
3946
6550
5216
1438
6089
94
3077
978
3660
7904
364
4815
3506
5786
6872
8679
2871
3571
8091
2977
3654
7990
1766
4443
5206
4368
7420
7488
9998
3708
1707
3055
9303
3076
7973
3066
6693
8833
6678
4069
5566
4239
4443
4589
3213
5227
3401
6845
7975
715
9250
5013
7955
6760
5969
9005
9418
7023
7482
4854
547
5595
1750
236
1527
2017
726
6403
5079
2518
415
5835
2494
5939
8881
8336
8998
7588
6446
6923
8840
9369
1574
8891
4875
9908
7969
6742
9621
4138
3253
8255
4783
7805
7276
4942
4034
8719
8585
3355
9514
3198
862
4277
5922
3147
7244
691
7355
6454
9368
6620
1125
1008
9697
5390
9644
518
236
7722
6186
8533
8087
7137
2853
5603
8470
2612
9355
3329
8818
6158
9403
8232
3322
6065
7401
7805
5940
4899
1950
919
1272
5049
4179
4808
6937
3591
8363
1283
8152
2563
9448
5532
5020
344
7124
1877
5760
4782
8914
2217
4526
8944
5376
4521
816
5922
8962
695
8522
11
4341
5443
6621
7735
2066
310
225
3697
9342
9995
253
3064
1356
1259
2326
4562
4149
8244
676
5347
5301
1886
827
1817
1881
5236
5584
8508
6010
978
2497
587
7189
2202
7359
4130
7097
2585
7538
2358
6935
7512
979
5342
9622
3424
1571
5269
9123
8655
9230
9317
7049
5394
3539
7426
2267
9048
3074
2806
2726
8239
8632
8887
9968
5945
7530
7619
5846
9902
7830
489
7884
8245
5912
5467
4373
4619
8175
182
2853
5494
7777
4078
5908
1264
362
35
6373
1853
8439
9005
9972
7022
2761
9570
7182
1344
395
8029
7684
3896
3463
3595
149
3135
9523
7594
7302
8104
4461
5204
1217
8184
1389
3154
6621
4904
4554
7097
617
1002
5529
7886
5684
3878
89
6893
9074
2849
8053
6645
5796
2228
5142
4593
4251
5127
5417
4601
3316
6103
5221
2869
7130
4292
4722
2464
9202
2522
1120
3324
583
2032
8388
2708
7777
6901
2005
4407
4844
7042
3558
3710
714
3755
9341
9136
7110
7155
9073
1222
4689
592
5763
3294
5001
3130
5384
9082
3706
7542
5490
7261
6111
7891
5246
3589
9547
7769
5380
7154
8357
7493
5542
8444
6339
6197
8240
3431
8381
2614
3093
9682
7710
6588
2477
7622
7704
1859
9807
2498
7509
9519
4701
359
8879
668
5011
4394
7564
6289
4381
6366
6355
2106
5329
1549
8465
6300
2154
4564
9291
8343
4946
7833
1836
7946
5882
3970
6033
4095
1616
8378
5082
5558
1078
8547
2500
5822
6270
2120
2082
7435
4774
6659
9178
2981
6560
218
5807
2504
4463
3322
3981
104
7206
9786
1338
5644
6192
5880
671
1007
2495
4823
264
4226
8417
6301
5101
8910
8776
8777
9932
889
731
5735
3968
8762
7306
5649
3525
108
9050
9517
3339
556
304
9050
9458
8578
1365
3261
6649
4927
5559
1128
1043
1970
666
3220
4416
4815
7445
5779
9925
3083
4138
6573
385
9492
4691
3050
9251
8938
224
9804
1342
9738
7766
4161
5054
6852
7664
5840
311
5450
1222
9043
6825
2035
3106
3098
5374
9475
8852
821
754
1740
6399
2131
8822
3968
2013
4153
1611
3510
5159
8006
3891
8046
3962
6822
1751
7568
2714
9105
8776
8036
5566
6531
8214
5876
6035
5495
183
4112
221
7272
1391
2912
2747
2545
1116
9592
8356
2219
1254
5697
8820
7938
150
1709
4347
2537
9595
3116
1054
2759
1901
5119
1210
4032
9284
7077
946
9808
922
1960
923
6052
3991
528
9045
4819
3759
4727
717
9553
4375
9897
1399
8725
6385
772
8205
3741
9199
1970
2201
1661
6744
9705
683
3217
2358
7765
9212
1847
4627
7495
6468
23
9289
8428
1097
5029
3615
3549
8621
7510
8742
698
8246
2627
2299
9572
3895
5441
8395
1974
1198
9276
4526
1476
2285
8253
5281
7529
3265
2904
880
8158
5001
871
4502
4907
6453
3017
6130
3401
1239
9006
2220
3041
2296
5361
9873
9716
6595
3348
1387
6133
1678
3624
97
5399
8465
9558
1195
4831
279
1326
1895
8592
6291
8488
3731
9756
8718
9589
6046
4645
7011
3529
3799
4892
9007
8925
4702
5562
8544
4510
396
908
1416
5722
3895
2823
6683
65
816
929
8353
6589
5107
7364
3234
2864
859
3802
4353
6213
614
3018
5763
4645
7115
2401
3788
6914
9833
2195
1788
452
9816
7005
389
537
6409
5085
2784
3979
7209
6286
5189
5867
8261
6195
5839
8464
4950
950
1988
7216
5305
4486
3326
14
6479
7574
1932
2350
2105
5905
3425
2803
2860
2664
1330
429
5148
9615
6865
8039
3062
9490
9278
3109
6996
1692
7726
1119
8155
2726
4223
4479
2025
2592
8654
3893
5402
8437
1047
8000
983
7168
3345
1439
714
9453
2786
1102
4094
8537
1645
5274
464
8670
3578
605
4940
9570
5119
7406
6107
5312
1940
4638
9829
8317
3447
2150
7617
1699
5986
9199
9899
6125
4480
5112
4184
557
4674
47
5675
9774
3332
1268
3176
5410
1697
3065
6290
1387
8342
6536
824
9093
1107
8778
8128
2428
4266
9771
610
7923
6283
9172
91
557
5543
4586
7849
1570
6338
7493
5219
652
4995
2914
1414
1167
6575
4187
904
3769
5810
4737
6107
696
2083
4634
2411
334
7155
875
1642
9189
6079
6856
6935
6365
6276
8274
6710
3786
7105
9852
7923
4002
2433
9680
9114
6186
1666
5727
1890
138
526
2139
5444
7530
1428
1282
2450
9439
4758
1217
6273
9262
6561
7225
8790
551
5191
371
5340
9991
9343
5669
8314
6764
2540
7363
3717
916
4618
9080
5691
4942
9073
2159
2409
4828
6207
6345
3016
8996
5940
3202
9390
6253
885
4109
8330
6694
9815
1488
9538
2750
4018
4064
2212
1092
4181
4353
8439
9925
3456
9343
4674
386
3109
3388
3559
5188
797
5681
7093
2460
7904
3394
8733
7793
1614
5516
6388
2927
9438
1789
472
5203
8746
5686
1191
7954
1554
390
7048
8320
5263
1893
2218
5654
3363
3971
3840
614
6197
5589
1587
2340
812
2523
917
8692
647
1459
8287
2420
350
6623
1339
4354
8356
6155
9545
3240
64
7824
1140
659
7363
1455
303
8644
6126
8495
4484
7056
1830
7497
5545
7555
4905
8002
9961
1109
1653
4271
2684
6354
3590
4661
6507
6860
7944
2012
3749
6362
4690
5378
9912
2367
999
3679
9596
192
2247
7374
3409
1453
9851
5170
862
3287
118
8926
8311
7216
4997
1434
2903
9404
5191
8531
3169
7326
8427
9163
4423
1359
857
4404
2439
3654
7521
9209
2038
804
8625
8733
8122
1272
1955
4397
5497
3334
8205
3594
366
4366
5180
898
777
7713
8920
7951
5495
9093
4604
3833
792
501
7799
7644
2451
5931
7061
256
5936
9880
2208
2791
1116
6551
8684
5194
9184
4963
7352
9507
8503
2755
763
8903
2982
9373
1525
5363
1279
7530
5709
6006
7655
391
4436
489
5606
726
9718
9670
3549
7449
6481
8749
7775
4437
1231
6502
1648
6264
9301
5887
1605
5596
6803
303
9879
7403
479
4072
1090
5824
8473
5374
4839
570
7736
4742
9265
1096
9240
2513
1172
8391
465
4172
6768
6233
5748
3379
3315
6004
8966
8681
6082
1774
9783
1386
6849
5229
4224
8877
9927
3274
2672
9790
9172
4620
3589
4873
4770
5551
9202
132
1730
9171
209
6878
2955
6929
155
6704
8526
5980
6555
8074
9401
1021
5045
5198
8131
4660
4913
9206
1361
6078
9192
6205
8937
3766
175
6783
2218
4461
1695
6728
9863
7061
2782
9315
2787
7255
3440
5369
1249
5874
2185
8496
6107
1579
6719
9367
3161
6367
3659
4753
4194
628
581
4127
840
2983
3831
9061
7735
8979
8500
8431
9513
1877
2774
5454
2202
8211
7475
978
3293
603
3007
1135
6351
365
159
6419
5410
2863
8272
3611
1602
9297
4107
1557
9472
9595
7423
6745
3253
2454
4772
4874
4012
199
1281
169
7028
8117
1315
5046
5022
175
2819
8945
6916
5637
6868
6607
3721
3980
3512
2906
2793
8732
7315
3445
9272
4384
1213
7581
8787
4347
5224
3261
8674
2106
7407
1123
5887
2147
8009
8692
8564
2044
4189
4154
4741
2164
1938
3231
6147
4851
3823
1934
7149
648
6083
2632
8986
5187
6229
784
7206
6647
2806
4940
5876
401
2253
3155
5588
4375
3901
4841
3527
5959
3074
8277
2946
8886
3975
459
6289
6381
8588
7796
883
5113
5178
3299
8637
3005
135
8296
1512
2788
9890
4480
2652
2341
5415
5158
9035
2313
447
2919
5212
1323
5937
4626
9357
9084
7532
3648
2135
8234
9863
3528
6188
6342
1315
6917
8983
604
5600
8548
4614
9065
1945
1236
779
3863
3975
9473
5619
3954
8509
6049
5326
7042
9367
3314
7535
3045
8044
2173
7395
4306
2629
8742
2884
991
8710
688
3481
3620
1164
2718
1603
8548
3726
3428
9361
6318
3996
3766
4129
7311
5172
753
5191
3880
2200
8773
298
3227
9256
4741
5343
706
7532
2757
2572
8942
7140
8497
2748
4160
4611
3491
4531
7501
7951
4709
9925
5692
4517
5417
8141
2460
3046
9142
1461
9315
136
9758
5746
1928
3154
7219
5152
6234
6126
236
5283
6598
2500
4360
1529
6908
8837
6319
9680
4296
6487
3238
3999
4342
4046
8404
3928
6080
2071
3619
4335
4887
2858
1858
5789
1448
2402
2952
732
5358
8623
9318
8629
2675
9854
8367
8154
7727
219
3181
7342
828
4024
3254
3208
5219
9557
2688
854
8493
3827
4076
8268
6058
3654
2506
7171
6758
5269
5590
2069
3694
4131
2253
9452
6489
8999
5133
6506
4764
9483
8844
4093
6436
4265
9147
1860
8599
7979
6094
4277
3208
8342
7588
5185
4560
1531
8491
4993
665
3059
4405
9062
5986
3400
8543
7978
8749
2518
4744
479
2050
5076
9619
7570
4311
8604
2029
2031
1312
196
8703
951
8959
3392
611
191
3252
5841
5964
8745
1479
49
2120
7861
6581
4068
565
4461
4851
6335
6203
944
5610
9030
4624
3743
421
7306
8810
1154
8468
7535
9729
6921
4248
6314
3684
9788
3472
3392
2949
824
3175
5914
5222
9706
2411
8403
1719
8340
661
2775
3379
5214
2059
5337
9543
6694
4919
3191
3766
2109
7689
765
6911
7930
4384
8310
8619
2588
4891
8076
4356
7564
8065
666
6794
2263
8468
3548
7053
9885
818
6119
3454
9000
9711
816
2887
889
6066
7815
2613
5809
5833
1591
8392
2315
1026
1254
8204
2521
7866
2981
9485
2759
1961
2076
1831
3465
5786
4266
6401
4350
9512
661
7870
880
2181
8480
4750
5958
6640
153
9080
6289
8229
6643
7106
6408
4223
6999
8396
4553
8295
5012
2040
3689
1839
5614
5065
7845
1917
8183
18
8622
3784
1264
5777
9261
4486
3408
8073
3964
2858
7777
3982
8292
397
3978
7664
2438
6955
9184
3024
2895
4967
2014
2638
9649
6009
6879
1283
5379
3911
3530
6717
371
9316
6418
9978
1839
1654
1112
2401
9185
5789
542
6789
7360
2285
2066
5735
8931
2176
7537
978
1720
9421
2385
3818
2967
6779
6525
8157
2820
3792
9392
4497
9703
8717
3794
5378
7564
9821
8409
145
385
5271
6764
9701
2418
4991
1291
9938
3607
2351
4687
5915
8372
8294
7200
7552
2535
5620
7700
1560
7539
6542
8450
3687
3306
2319
8305
9932
1104
9840
6786
5338
5590
6326
1903
4220
865
9997
7940
6216
8787
1500
5469
8450
9082
8178
4827
5251
9835
835
5975
3389
3860
573
2222
2573
1105
1465
2659
8091
9804
3379
8272
4900
9367
8077
9748
221
6162
892
701
4732
9288
9740
8728
855
7177
2973
8050
281
7459
7721
1772
1891
1899
709
8813
5536
5409
4304
414
6748
3154
1533
3808
2393
2592
5163
6091
7525
7915
7605
9655
9246
2823
320
1629
4259
3798
3739
3683
2967
140
1239
5302
4479
8905
3665
3153
3687
2563
4078
1543
3690
4747
5917
4114
4285
4733
1658
4916
9971
4471
3131
7769
9002
2906
9172
6460
8341
1108
1051
4693
8107
8274
1177
3992
3062
3091
6025
9747
8002
7099
9912
479
8540
6747
2278
3057
8704
8623
7483
7077
1991
7999
2760
4895
3116
4249
6943
9943
3530
8009
9852
4817
4980
3948
9818
2418
1861
9979
4717
7915
4953
8384
110
6681
6206
6845
6593
3525
6705
7733
7322
1480
7676
2081
5806
4258
7454
664
3539
5038
5702
8352
6806
5684
9852
9461
2105
4738
7732
1235
9998
9536
4650
9772
7944
7688
2830
7730
3677
5791
6025
5949
2044
8767
2355
1798
9837
1455
4023
5460
5167
5249
3375
1651
152
6429
995
8355
8308
9619
2993
6003
927
9298
1468
256
9942
4672
4233
9044
8284
8385
7342
9847
2611
7492
6663
6323
7398
5945
2853
4348
3878
1432
7410
6295
2060
5819
6188
8937
9188
7677
741
4752
3346
7432
7187
8615
6682
500
6864
1853
8708
1463
3039
3472
6499
2810
3115
4000
5248
5047
6382
839
9601
1104
3205
5263
3478
6866
2729
303
3664
1400
2677
5603
359
4967
6625
66
6085
286
1245
5602
2894
2674
8460
5606
6615
7653
5178
9941
6080
433
6342
4144
4691
242
5395
4336
1493
3949
9949
870
8982
7584
9427
3177
5307
1465
5773
5415
9200
4452
7921
7584
7032
5531
5672
9551
2707
6415
8843
6107
2755
7119
3140
9577
968
7599
5046
2806
9179
2434
4215
9392
3376
2265
3364
9926
7253
5273
2428
2708
8500
4281
5905
4898
6670
282
9723
5399
5287
1129
6698
3901
5028
4964
7749
1452
9256
1505
9355
6697
7954
790
6447
8492
1236
8148
3933
9973
8954
6259
9331
1377
8672
9977
3628
8916
308
7274
7403
4811
2041
157
4497
9253
8780
2662
6087
8484
1425
9175
3847
4471
2431
5211
2121
688
777
4541
5469
5451
7342
1065
9800
8896
9907
1216
2383
2243
5512
2827
8504
8289
6751
9362
240
206
7741
4234
5904
1693
4936
8513
7071
5241
7775
6735
3783
6912
4199
9786
7525
5339
6504
842
5865
9928
3691
211
2273
8183
7506
7601
9578
4954
706
5796
5735
7011
7721
8027
6167
4798
9874
2426
7797
9490
9550
861
6058
7541
358
6191
7687
6803
3158
1503
8900
7978
1096
7261
661
2698
286
7465
200
4821
6619
3881
678
4707
3343
8202
8946
7125
8496
5621
4716
2277
6081
9670
3158
5922
9932
7461
6902
9029
4634
6460
2766
9540
3574
8811
3115
8873
217
6866
1724
3575
5047
4086
9224
8212
7263
8735
3795
9001
7269
3921
8635
8954
3300
6444
8895
4396
3083
8627
7299
9565
9350
1872
9434
750
6244
8009
6853
3880
2139
4700
8545
9842
3302
4117
9054
9913
1905
9904
4641
9657
1412
6063
7173
3378
2105
2784
9188
2821
9625
8485
2509
3158
9793
4388
7129
6535
3683
7762
6697
8439
7969
2679
1858
4971
6867
2589
2956
9751
3688
7289
9165
7629
1937
8012
1962
8623
8210
8230
7073
9603
1694
4520
491
3089
7994
1392
963
2263
8222
6291
3513
8781
7807
6201
5918
5305
3318
5214
2890
7811
9752
3264
691
3657
5187
9763
8341
192
4500
2380
215
5217
8908
341
8849
5017
3511
3745
6067
7898
731
5193
5162
1112
3537
7718
6801
6958
8734
3484
6562
9406
7191
989
2566
6087
4883
4648
7555
1735
5885
9510
913
8233
6034
5613
2660
3311
3905
1032
3225
4642
3913
9989
9947
8575
4931
2609
3662
3088
6613
5844
6498
2669
4777
909
5048
8769
6660
1146
1452
3255
6651
5691
8617
3844
3159
8488
4794
9890
7717
9304
7015
4094
8095
3190
2560
713
8255
7544
2493
3678
9295
1385
1617
8642
7191
9742
4691
1460
5109
7186
9679
1824
316
8411
4932
4887
8350
536
8734
5561
9951
1322
6438
9893
9520
9845
2529
5433
7369
1357
2390
7803
1867
6016
1299
3858
1753
1980
6227
2723
3320
6955
9382
4800
1985
8691
1128
5375
2824
4178
3901
3857
47
9304
8054
1875
1134
5605
5165
3466
7332
8412
4302
8415
8590
1150
1961
5434
7646
3877
6954
5326
4920
204
7400
5530
3199
5706
8153
6513
8611
2616
3477
7376
2365
165
1618
2719
5882
7276
5010
5335
506
4475
2302
9610
1808
4888
6128
8656
7647
9946
3617
4147
8619
4057
4965
1575
9290
3906
9141
5234
8722
2267
4724
6616
9158
3266
8214
7099
2495
5874
1785
812
5160
5082
7337
6408
3366
5695
4006
7070
2359
1953
1796
6569
5243
7314
4896
5411
9239
2629
4422
5214
9817
7691
1808
1315
6057
653
890
3332
3784
2185
8834
884
6572
6407
3496
7027
8526
8585
7553
5066
6932
413
7792
5382
7284
7261
1301
7652
8021
8229
9029
407
7365
9028
1122
4289
42
9803
7792
7534
7429
4822
4075
2217
631
8633
6763
7660
2384
3803
7052
2969
298
8578
3006
4188
934
8975
1770
2756
1469
8685
2714
1062
3315
1922
9107
7769
9927
8872
7801
264
9271
776
3446
4117
9946
1821
6280
9747
8784
8006
184
4625
6897
8940
829
5293
629
7130
2075
7241
3617
731
2451
2256
6262
9962
2577
2239
9335
4433
8663
5678
9102
8482
6852
7991
2445
4278
8110
9754
1736
7943
3597
7492
905
2216
6025
115
6093
304
3364
397
6560
9464
7451
4912
4110
9604
1535
7774
2177
1724
7629
3180
8958
3365
6610
9315
2478
3426
1487
1447
9331
6639
6983
5222
2963
8851
6616
2080
1870
7789
1864
7500
2808
474
6668
9332
9240
7612
4503
7878
633
7390
4590
1569
3908
5906
8402
2093
4425
9171
7588
666
156
2076
9649
2755
9407
3003
8265
2025
9376
8891
1071
5523
134
4453
8812
1214
6177
982
6339
5823
5625
4730
7704
5693
5347
2191
4716
5822
8795
9776
784
2602
2214
8373
9585
3903
3993
9045
1164
6094
1433
4743
6452
1351
8934
4322
4855
185
1752
9377
8562
3483
9803
1439
1541
5596
6784
6975
797
4951
831
225
2401
1572
4333
9471
5042
1440
2131
555
9417
6145
9310
2607
2644
2492
2076
4848
3046
822
7772
58
2170
2679
3016
9852
7710
8171
2135
9231
3095
851
1615
3093
6985
3295
91
5311
8600
9689
7607
1812
2923
2646
2270
2685
3144
291
7256
4758
6414
6179
6187
5319
2970
9009
296
9688
7998
1312
6517
214
209
6269
1668
1919
1055
9667
4224
518
3744
9610
1817
1788
1766
75
9602
7421
2514
5643
1848
1367
2784
3812
6750
2412
9393
8190
2333
3297
4
558
9531
4011
6334
2300
7059
7071
4366
6035
1545
5581
3934
6386
5492
643
3093
4822
5170
3312
1074
7203
262
7690
7284
4304
7189
5983
2819
4896
8458
3399
5273
8249
1061
603
7215
7843
8004
4117
3672
974
8363
537
4176
9517
2928
8722
504
5590
4451
5212
2101
2106
3797
2065
7353
2291
5871
3004
399
4096
2115
3334
9929
5175
9561
1418
8585
1565
9968
4693
8977
8562
6393
1150
5096
5400
8714
8043
5934
6293
4074
3137
1522
9171
2989
269
256
9987
6965
203
380
4890
8844
9801
7815
4727
2848
7391
7118
6369
7277
9873
2305
3156
9179
7595
9515
2421
6963
6299
4040
1461
3864
1577
121
4621
2474
141
3087
3211
8115
3996
9920
6848
6761
8107
6122
9545
1391
9517
3876
6350
9209
6040
8952
6667
1002
5636
1515
8545
3035
3345
9083
4132
1383
1298
8224
291
8330
8698
5284
9907
598
2918
5421
8847
9532
9905
3528
670
4102
1908
254
6261
8611
3252
1249
8333
8304
314
8016
1398
7772
196
4315
6263
8968
3650
2907
4343
7942
1755
3638
1179
1997
2557
5340
413
1853
3444
830
9195
6630
7355
6430
3479
2992
6110
4822
6998
3598
2120
2847
860
4221
520
3862
1621
3275
7375
7685
4482
2347
6046
9800
4806
1361
2983
5519
5552
7430
6311
4081
415
2149
5376
2308
2462
8130
7133
7352
5887
1889
5687
3318
4152
6866
4632
7112
1190
7318
7910
4716
3662
1091
3839
294
1274
6876
8682
7005
9094
9457
674
221
476
4649
2781
971
1714
4178
2622
9832
9878
9583
961
9293
3420
3355
5990
5594
1067
5014
9199
9492
8304
9583
61
9023
2299
6028
984
6371
5527
3595
1027
5219
5528
4729
6723
4622
3251
4265
1031
331
5282
5912
6890
4761
5830
8730
186
2370
2866
8216
7995
8042
9007
8947
1911
2285
1854
8270
2999
8540
338
3447
4435
4699
3371
7888
258
3039
4561
5598
3835
248
2114
6843
7603
1909
6148
2153
6444
3914
6614
6264
668
6626
3763
8378
982
6275
9692
187
7046
2107
3848
8542
3277
7080
7611
5313
397
4514
3065
3070
8902
3079
8872
1497
1093
7694
1834
6137
1609
4499
6156
8018
2514
3932
3667
9990
7883
7100
7374
3165
4586
7161
7550
4808
490
9211
4308
7174
8669
9304
3085
5361
6358
5671
9810
1064
395
2916
627
8271
6646
3081
7053
6404
9557
5775
1131
6177
9351
3288
6792
3553
8651
5605
2951
7556
7315
4503
1123
8411
4173
5582
5304
3538
6960
1984
4714
219
7272
3790
633
5456
5631
2686
6982
5451
2859
2293
598
9460
7879
797
1195
5332
8779
3982
2904
6954
3538
3565
8974
7030
9137
7877
8725
2165
2962
9350
1180
1040
8395
6019
2914
624
7248
2292
8639
9835
5329
7645
1752
4845
3826
524
8716
5280
8444
8797
5452
6007
238
7342
6184
4887
6972
8026
5144
2904
1487
7236
9383
9422
4025
1362
6575
1972
8781
1215
5134
6920
1021
2208
5236
4675
44
8318
8396
637
4988
4336
159
1038
5027
2742
5130
987
2833
8621
6103
616
394
8498
9361
3993
9192
6712
6352
4690
2608
5993
7899
1297
6952
7275
858
5981
8992
7483
8709
9274
2053
2990
6954
4661
9797
780
1393
7270
6671
8954
2356
1967
6647
3144
782
7530
7381
5666
2700
5191
5195
9772
7082
1827
7398
2251
8312
340
2358
3797
8589
2353
4510
8079
7465
1266
964
7205
5415
6902
8792
3466
5836
6533
7187
4596
5225
877
6710
2597
4381
7833
8594
4192
4449
1180
708
4349
382
6226
3176
3015
953
9503
5894
9171
8861
4992
2211
5640
6639
5067
7914
2694
4111
398
2298
8444
954
9358
8613
9225
3552
4157
4430
3766
8788
7879
8608
791
8663
3862
448
879
8731
6474
8336
9908
185
208
9733
3213
168
2261
1721
6720
7352
2265
1477
3713
191
1696
9024
3692
3353
4607
402
2772
3802
836
8007
3504
1768
2578
6260
5633
3383
5314
4991
8325
1194
4494
9980
8697
5911
77
9924
1113
7795
2053
1805
6616
8897
1427
2054
2132
7994
2764
9274
4632
8519
6401
5305
6315
6044
661
5402
3027
5934
7027
4972
9673
3698
4114
9902
3136
235
9500
9815
5383
1701
2004
8811
6818
9039
816
6175
2745
5343
2071
369
3803
184
7893
3199
4651
8785
7708
7488
3830
494
6743
782
1743
5397
1997
9693
2991
114
1700
4322
3923
3824
285
9850
6193
3375
7274
2903
2368
2016
5066
3563
153
9663
7650
9990
7733
3942
9482
1577
3837
282
1383
8243
2687
6217
8220
8037
5764
9783
1316
2569
9458
4367
7094
9962
88
2721
2274
7978
5547
962
5104
5781
5855
9343
1565
1387
3278
340
5264
3286
6382
6157
9826
8933
1339
7153
2977
9848
8141
9882
2253
2930
8994
8452
3258
248
1075
5731
2766
5045
6112
1552
593
9990
4765
3533
6128
4819
4692
2387
7709
4417
7348
7639
5572
5112
41
1601
2067
6517
6622
9112
5973
8588
2264
8079
1345
8738
5222
1173
5095
1837
1245
2168
1714
6691
4309
1365
7968
6237
771
3290
5193
5069
2672
6434
1914
7156
9960
9199
4866
8657
657
8385
2282
5590
2672
6589
9258
3759
842
2700
1414
8856
8056
5289
9660
7918
9872
2190
5891
9424
7893
764
6676
8263
8360
2463
9595
3488
8915
2165
4810
1344
8281
7470
2624
3403
748
5628
6348
9802
9758
6129
8602
557
2652
5081
8353
3727
1673
3485
5428
7796
4720
5252
9047
7056
2993
2384
6984
3012
1696
4133
2369
1864
4248
4147
5871
7975
86
4609
2007
5897
1064
9217
9681
9023
1714
7483
8682
1194
4161
1248
5866
8716
9395
629
6982
4164
2740
620
2735
42
2890
1495
531
9956
670
5859
6616
7283
5799
2675
6783
6476
7381
3934
7729
156
6562
2794
5227
5906
7890
2900
9798
297
9236
7422
5297
4080
8865
2881
954
1733
2199
7232
2776
556
143
3858
5960
9400
5462
3162
5975
4746
3618
1239
2299
2350
9736
767
5487
5960
3911
2687
5159
707
2936
8517
3800
7693
7739
2194
8869
8016
2264
7260
3554
9040
1391
9858
4808
3045
2559
564
5738
8558
8234
8355
8332
7679
4062
8187
1611
8449
653
9580
9768
9979
5260
7379
4647
9406
3347
7425
6991
4027
8989
9260
1269
8972
7395
5184
9654
639
2435
9992
1689
8773
6995
8546
7578
5574
4224
8967
4626
8466
3307
7671
8371
4316
4241
8757
2193
6756
2302
4304
1784
5039
4360
4023
3753
2344
6030
2424
878
3866
737
9138
12
135
9236
3393
2506
9008
842
6735
1162
590
5717
9081
2178
2895
879
1904
5347
2536
1349
8953
828
3895
1770
9283
6244
2321
3199
9579
3534
1729
4366
2742
1054
4637
6618
7564
2723
3177
7039
9916
2686
2883
4754
9354
909
7180
1336
6285
2423
9408
7382
3909
487
937
3841
6056
1867
8488
8469
6713
640
1102
4919
9549
5437
7393
4390
6097
3891
6679
7513
9326
7227
3388
7212
5361
7331
2724
1635
9791
8500
7028
9946
6652
6073
6442
2743
7481
4613
4591
3203
5102
8974
9791
4645
1775
2655
5004
5150
4169
9142
5199
115
8259
3604
9115
9185
5697
4300
3476
4858
9455
5267
1661
6252
628
4516
5548
3021
151
4813
8781
1198
8887
7356
2092
4883
7070
2184
6430
5099
9377
2991
7688
9914
5073
8159
7544
7956
3585
4304
8588
840
4658
3382
8304
8686
8775
9525
5690
6914
7960
7124
6362
1819
9225
7450
6840
7015
2979
7079
6359
2809
6506
7759
5048
5774
8276
3980
611
6379
2277
1501
1723
8371
2851
7326
5302
4817
9549
9257
6530
2180
8432
999
5030
5631
933
7045
7976
5911
3907
81
1072
474
4814
2481
1309
9425
4120
2632
1209
9765
2947
6262
2859
9888
7760
2751
1467
9909
5448
6483
2389
2414
1565
3672
2620
2538
1647
5854
7594
5876
582
2219
6818
7679
7798
4330
7316
7036
6684
8387
2178
5268
5103
2212
2599
8677
102
6341
5700
1928
4040
1252
7179
9875
1167
5634
7351
2415
3467
3799
1506
9099
2015
3918
680
7651
5475
2524
6904
3285
464
4948
7800
3768
9475
5770
8975
8566
801
8158
9107
9055
1485
6061
1832
805
8693
8610
567
8241
7108
1807
7291
6599
9966
8595
3943
6025
9157
4751
5588
7933
5459
4684
7794
4256
3425
8191
6755
6127
6694
6502
9622
9692
8565
3514
4237
3251
9584
6041
1986
1741
8553
5095
4858
1673
5907
8768
7966
2101
8724
6080
1736
4897
4760
352
3810
719
8844
106
9251
5369
8749
5261
9121
4977
9203
6498
1666
7393
2105
6060
7437
1511
8200
8969
9499
5842
480
4659
2549
2603
2402
376
258
3821
4640
9330
8420
1526
2552
8564
2625
4937
2778
3765
3046
3787
1495
839
5708
8357
8681
6972
9112
3662
2514
7106
7446
7301
5467
5294
6805
7941
9036
4220
8781
4148
7138
344
6619
1309
9195
6572
2694
7810
2647
9139
2520
255
1230
474
9702
1545
9737
5230
8304
4947
8178
2354
3929
1861
8248
2111
2524
972
2866
3322
6338
1692
5149
2696
9813
5353
6655
5138
4239
3497
5991
1159
8969
3773
7919
5117
8668
454
36
5918
655
8402
8742
15
3732
6402
8766
5062
47
8253
806
1439
4542
7712
12
7994
2313
6477
3941
7809
2812
2735
2425
9602
1243
1507
3319
421
1735
6998
7515
5725
3898
1476
3775
3642
4249
4819
8987
1213
6634
3810
2213
1790
1274
485
1597
4378
336
4420
1591
7715
9037
4685
4259
4103
5227
3404
2459
647
7077
4332
4624
8424
8102
6668
515
3326
1041
6465
4868
5855
7331
5389
1167
969
6860
9374
894
3251
3490
7726
4579
7107
5427
6632
9710
6505
5970
9704
7164
3832
9346
2172
2166
2855
8417
4664
8016
6490
5893
7103
814
6099
8341
3222
1245
5369
2756
1404
5102
8507
8774
8128
7707
9402
5679
6180
8616
5716
2299
944
2082
9449
9597
4619
5629
3398
314
9965
3804
1179
7371
2352
6648
6985
2893
1286
2797
89
2727
333
5211
8258
7073
7434
3509
3719
6491
5948
646
5060
3937
478
3207
8580
7725
482
4031
2954
7337
9030
3024
1848
3878
3634
7066
86
9613
1058
2721
356
6531
8225
6097
9064
2147
6909
2654
1924
1859
772
6015
2132
1125
9475
8909
6575
7395
6097
1253
8425
1339
906
90
7659
9209
6621
3604
4607
3386
7781
6736
5438
6099
9520
9107
2662
2128
9164
6841
8171
9894
7398
8699
1149
6741
4439
3454
8225
3475
653
9878
8689
5229
361
2839
3266
612
2182
9102
992
8736
9220
4163
5063
4216
7609
7146
5192
3516
2537
4204
940
2118
6680
2141
7807
918
7211
3034
5422
1966
4011
7530
5082
8221
3524
9176
2111
9340
9832
4666
7026
5685
6921
5196
8331
5706
3906
2267
8929
7670
7980
7209
7580
5280
8279
7472
6634
8162
7485
4288
7329
2432
7029
5712
4373
3568
6018
6229
2212
3711
3675
9127
6442
8129
9976
676
5134
1110
9418
5755
6508
9804
8443
3057
1350
5656
7858
4219
840
6975
7813
5330
3045
2936
4382
1142
4246
8817
3590
1997
4454
4662
859
1011
18
4703
1276
4372
68
2869
8819
721
7656
481
758
6583
961
5858
6781
3519
4674
1969
1116
9277
6769
7469
9887
9592
1277
8545
5253
9500
3381
3807
2514
2996
9187
2154
6275
7751
8853
4007
7024
7183
8416
9604
26
5657
2613
4142
4311
3834
8277
8489
697
267
5470
5881
4323
2227
1412
9608
8918
3433
488
3995
7208
8877
2135
1205
4250
7258
7247
9310
8256
9661
2881
2915
6500
9083
4541
6213
2303
9157
5034
9732
2746
1991
9048
6316
5752
4440
2944
8882
9524
9311
9
2364
6885
3030
2411
4930
2059
4088
2460
9008
7624
7258
7419
989
4967
7002
4054
9532
2407
9736
1430
6364
1351
8718
3005
139
2347
7192
1998
3510
9681
5124
7212
5900
5322
2373
22
9618
399
6460
7076
4961
5191
6253
7401
721
6641
3790
7074
122
5762
5277
9399
8641
6012
8816
3607
9370
7706
852
501
3644
2800
5486
9186
9490
9070
828
5045
8145
2570
4398
5462
9335
2550
5186
6431
9330
3540
3460
180
1877
5191
660
1184
1027
1645
780
5554
6618
8682
1529
6666
7689
8727
8282
8134
6483
902
6289
3726
5842
5734
7003
2689
5785
1893
2447
8077
846
5371
7560
5149
8364
9905
4156
6686
9312
1094
1759
2141
7506
5700
9916
7969
49
1880
3824
7165
1745
5763
80
7083
8867
4672
2226
5945
3140
7584
6365
93
5107
8922
5576
5994
7135
2693
8132
3316
236
143
8578
7928
5611
5583
2624
6628
1370
1884
6499
8584
7216
9212
8917
2012
5069
8045
9149
8454
1580
234
7793
1153
9252
9938
7833
8507
6531
9626
2272
8355
3602
5021
1267
3906
9890
6871
6021
7580
1285
6704
8917
4681
9962
8377
9377
4889
7360
7155
2754
5889
1321
3270
5199
78
1718
7513
892
2302
4989
2246
9284
3801
6900
2417
9084
5160
4613
7646
2571
8962
3655
8279
8566
1025
2742
5396
4855
7674
9587
7203
1206
5288
3795
2006
2251
7565
8729
967
5451
5352
2846
2273
3116
3725
2422
1985
9039
1037
1794
5851
9668
5086
4318
662
6957
2256
7052
3364
5029
6514
4894
1052
5621
6475
5334
5223
7908
413
3296
9240
6751
1032
6652
8795
9668
4127
6884
1359
6925
7814
6125
2116
982
1922
1329
647
1280
370
8693
4787
7823
2846
6599
5480
2344
5970
3346
9230
9004
8255
6706
2769
7467
7660
5970
7966
4
5285
3547
3656
836
3858
2405
5078
287
5072
7707
911
8551
5517
5819
2520
3870
7004
1557
9949
7728
3406
5003
4446
5341
2784
2518
7876
3116
540
2687
5209
6066
6610
6830
7493
7198
7300
5473
9204
7805
253
6677
5645
2262
9288
9500
3224
3475
4318
6033
7856
5405
450
8420
4468
7272
9483
3061
3655
9955
6498
2817
9905
8887
4003
9434
9492
9293
6193
2640
5114
9043
6271
9416
8687
1534
508
6773
3303
6077
3720
4069
300
6060
2212
6336
7643
5790
1852
8421
1350
5381
928
812
2597
9303
9703
1959
9290
8283
1185
8618
2400
6131
503
5295
4163
2764
3523
6205
7360
2213
8845
8354
2337
9714
1166
2296
1140
5120
8139
7940
6247
831
7330
6366
4683
1168
4645
5026
7051
6736
681
2957
4952
1657
6874
4626
9614
3779
8997
5944
9141
7980
1640
3594
1740
490
3565
9335
7526
7802
565
4210
2056
7182
9353
3720
617
7062
3310
3893
3475
4653
8510
9970
8779
5009
6334
3903
1638
484
7200
4277
4979
1997
8461
2379
261
3895
8354
1154
3832
2278
7056
9565
7794
2654
5335
3473
2602
6511
1082
5575
2306
7990
4089
1169
2332
1211
9840
3548
4020
6012
3798
2690
9748
4872
8681
3553
7392
6594
8592
5808
3132
2988
5470
5076
7172
3209
5343
6885
7792
6694
4098
8462
5345
9688
5093
196
9322
2259
3834
8156
8367
2379
8144
1419
5304
1160
5792
3085
6618
8683
5361
1885
8610
2947
324
2045
480
5450
716
2685
7983
5657
1605
4443
9957
3193
2620
254
4050
964
8217
9237
7247
4625
4073
7513
1436
3827
1007
7435
4185
8467
4188
7186
135
8842
2025
6002
8969
2022
6105
6378
1817
8029
811
3519
9081
8488
8852
4039
9223
7283
6833
460
9818
7477
3188
5385
9312
1217
9367
9426
356
9734
3958
9908
3332
8614
8599
3193
1740
9515
4014
2051
9476
3232
4238
925
3741
610
7230
6171
6277
7164
445
5400
9967
4486
653
9872
7426
6508
8342
6611
3167
1531
8328
2328
1157
1549
9914
9582
5124
8860
1840
6680
9878
6194
9579
6750
8055
683
5112
8127
8202
3878
2213
7779
6942
9689
3486
1791
46
9682
8933
2144
4696
439
9649
6980
7964
865
4418
2336
4570
8234
1418
6937
378
562
2048
8054
6746
9441
8941
5670
4863
1861
5674
4213
8490
1752
1347
5993
8161
1981
9281
8146
9813
5349
5377
5341
6082
8798
8357
3829
9031
8455
1057
8493
8961
4418
9235
3489
5149
3251
1916
8785
820
3048
5219
9453
6488
624
9829
1926
2927
2877
765
1580
7446
4737
6991
9010
4886
4195
7511
8128
7842
889
83
7832
8942
8487
8460
418
1725
2640
4150
4105
5655
5717
9075
4132
5080
6684
6252
6683
1619
9528
6607
2612
4339
6439
1408
3389
2368
2595
1421
9990
115
7845
5881
6551
6162
6853
6625
4531
3066
3323
5342
9849
6790
5819
4777
5008
1312
2395
7951
567
6070
8745
2978
5488
1311
9927
4899
3868
9211
8823
115
6360
6614
5477
3435
8170
8688
171
2568
1969
1408
9723
9941
3247
4810
823
7153
7706
8266
6455
3071
5142
3626
1457
2598
1898
2018
1084
9508
4504
5359
2075
3338
357
4146
9184
7370
7437
9007
1379
1919
3941
4639
1002
4812
477
1287
6049
8800
1967
694
441
3851
3792
589
9666
844
6848
4208
9480
1962
9203
9092
3506
2283
7777
2444
1514
6492
2135
8722
3914
4449
3840
8810
9582
9403
9094
9103
3507
3059
9388
3155
7967
2421
4776
8166
5919
4345
7027
3487
8147
5095
5401
8597
6318
3813
6080
3550
2559
827
7390
5756
2421
3927
6869
3146
2172
8408
2963
5267
3238
9503
3667
647
6330
9093
6787
917
5264
2098
1677
9575
5853
1755
249
6039
8347
7199
5888
3702
2857
1167
2476
4041
5968
474
2153
7552
3294
6938
9689
6244
7149
1903
3348
1743
662
3149
7008
7699
9717
9060
5964
5065
1880
1229
9291
4136
7153
3338
4979
7718
8796
1108
122
5721
3759
5411
7363
2625
1310
8181
550
5772
5350
8717
7065
4229
580
6132
1667
5115
5222
2258
6843
6686
3299
8153
7645
5229
7609
6490
4780
5882
510
1591
8320
5848
3346
8620
5833
2165
6942
3573
2927
5188
4993
6064
1286
3231
9334
7640
9094
3465
1119
9389
1432
9061
4742
3927
3690
2855
1982
8503
9359
3326
2281
7942
4630
9577
1342
8393
6180
8182
4302
5463
5239
6248
1612
3202
557
1859
5463
3615
5280
5186
2098
9929
7876
965
682
638
5241
5820
2530
5540
6925
1917
5439
9415
2985
1867
6635
3785
4422
8408
4417
2277
4370
6449
2959
507
245
4334
6941
7134
1931
5804
2671
8729
8721
4089
205
7470
8236
4768
6583
7311
3818
4641
3764
1234
3004
9675
6101
9473
8599
6305
1253
6185
5605
6854
5340
9955
1786
1627
7826
1701
7026
7383
4130
2123
6780
4295
4288
9620
7913
1260
4134
8799
1002
2488
1384
9131
1790
6654
2813
3100
5890
3577
239
3268
5059
2411
2456
8093
424
9593
7417
7037
7873
4467
4010
6533
3505
5380
5572
9719
2497
9339
7926
4489
3063
3837
3177
6388
8246
352
6759
5139
2234
5178
9298
6183
4610
4777
6741
1526
5458
9606
1898
7371
6667
2530
8055
9568
9851
5332
639
1742
9377
9605
6042
5098
9701
6339
7671
3379
9871
1907
8053
1238
4448
6822
2365
9329
9328
7641
3196
4890
2987
1693
8489
2231
8542
8924
4677
3631
9650
5093
4787
7429
3788
5790
6988
6801
9722
1306
2445
9611
2077
8247
2647
7079
4846
4993
5419
6514
7411
4544
5731
1332
1152
168
2102
9738
2136
6325
1920
2020
5479
9817
9304
5198
9997
3827
7286
2961
7539
589
2026
8263
9989
6784
544
5730
8360
9454
5003
1120
2612
9203
6001
5488
7880
1768
4484
2391
2640
8682
6925
7534
7029
2631
1246
1560
4980
3422
1559
8359
2157
5969
8297
3230
2754
2612
6512
7496
2156
8260
9253
8769
9177
8332
4745
8964
1131
6290
5872
5365
7358
9660
7891
3576
1973
891
5710
5039
4605
2129
5122
5918
8674
1041
3387
8661
346
8208
3297
2277
7755
5262
1422
2490
9267
6967
5623
8311
1640
9721
9142
7294
3763
3594
8539
7755
9335
4949
613
2586
2314
1919
9063
5938
2273
5595
5080
1003
2878
5624
7335
4417
5655
123
5906
383
2899
6285
1554
5506
8159
9875
6461
3571
54
8930
5071
7990
5362
9405
3960
8494
306
8256
7841
7818
4714
2503
4713
3539
2399
1187
6964
62
2443
823
6769
5788
374
3927
3553
929
5208
4529
8435
2133
8212
4175
5641
1113
1891
6871
3630
5814
3214
1665
9363
4287
3334
7104
7573
3431
7210
2697
3138
7009
420
8671
8769
9949
7206
6822
2070
8843
3312
2057
5758
1751
9557
6345
2308
3977
7216
4231
9640
274
4292
1808
7583
8137
2533
9090
5803
1262
8666
9122
2642
7063
9721
5814
880
7180
1557
6507
830
5370
1746
4562
3369
2828
2806
1910
5508
7053
9464
1399
8930
6692
4096
4054
7578
1442
7776
6887
3797
3074
484
2796
3801
888
2928
5249
2323
2531
4171
6952
3165
8973
3786
3517
7096
681
4626
244
1010
537
2455
2579
2632
7892
1661
8552
3147
7297
2080
4544
6104
4910
546
4119
4695
5363
2193
3328
1088
1956
797
4879
860
3433
4443
7892
2808
1341
2696
9570
9383
2954
4078
27
5850
6123
8186
1805
6893
4038
5016
1115
7827
9857
5214
8751
3872
3434
8860
4774
4959
4976
7129
2586
5481
3326
716
4796
8066
9836
1257
5408
7956
2258
7159
307
9932
6970
3219
738
2809
1975
4195
2545
7524
7585
6126
7308
3559
6468
5577
183
5041
9846
6236
3271
2224
2003
4331
2606
6275
987
9175
1522
5285
9441
2828
3054
7245
5775
3330
9274
1372
2620
9268
6054
2607
6388
9513
7563
5379
9104
923
6043
1786
1224
8490
8850
6242
2067
6986
6605
3330
2698
494
3370
8110
4631
6387
2231
8454
6552
3302
7405
7126
416
8417
7021
7245
7728
7996
9144
8558
6612
6520
7236
3514
333
4000
284
1492
8357
8097
7117
6773
1747
7492
4045
824
5701
5686
9894
2295
3400
9805
2764
8773
6961
7353
8373
2761
3270
4902
726
645
4741
6657
2050
7445
7627
7546
397
2068
3417
5039
141
7436
2074
6243
2730
7432
9367
1983
2444
7851
4422
7582
4699
1757
7744
803
2463
536
4430
1062
9732
717
2077
408
9694
3219
7961
6005
9201
6037
5484
5895
483
3596
5578
4665
5638
6014
4794
3321
9392
9325
8139
8132
842
3357
1367
6513
5462
7406
4411
4124
4530
5098
4892
6250
297
8923
8253
8289
1718
1784
8959
4694
7396
7625
5403
3085
9466
5691
9702
393
4620
3320
2408
885
6183
271
1278
1735
4236
3565
2746
357
9130
5570
4500
9184
7429
9618
7653
7770
8301
6844
7393
9160
2710
5138
1730
7291
7337
6084
8965
4909
136
8611
5838
6890
4645
8704
9996
2223
5740
2964
2338
8956
381
86
7113
350
3103
8361
206
7220
7457
9240
8956
954
1471
6647
71
4090
7248
9279
5717
473
2336
8421
1703
4996
3151
6958
5842
3732
8893
6212
9003
8853
7668
5980
6189
9153
5289
9735
21
6233
1171
1324
4426
8418
5071
1708
2056
9362
3022
4291
4955
5943
765
5197
4362
530
8201
520
2166
6005
8971
5975
3508
8019
5109
5686
7290
7876
7921
5871
8934
1164
2724
6113
7659
1821
6889
5574
8725
8623
7749
4022
9644
1307
9375
7884
8171
6480
4939
9646
9076
9270
4486
4880
6117
5276
6254
4945
5433
8801
3410
4974
6677
7559
7020
6129
8572
1101
418
8343
6323
75
9737
4731
9317
6049
287
1704
8903
7181
8732
9455
7669
3235
6574
5910
3625
4596
1282
3521
4945
3830
7650
2347
3542
5082
3403
4731
8621
6111
9907
6610
4584
165
958
7990
1183
16
46
426
7661
4489
9237
2511
6754
8584
878
5309
8904
1916
6694
8413
1815
6603
7531
3922
5549
4954
987
9960
8779
9359
3491
7619
7527
1643
7996
5154
3726
6795
8388
1146
7297
6470
6976
3915
2086
964
1936
7981
2945
4438
7518
9569
8551
7116
946
2277
2108
9880
6470
874
13
1259
8829
5907
6748
4118
5492
4317
2812
9571
9493
1560
1324
8576
2405
8890
8090
7489
60
5388
9394
2442
1999
8095
1527
8840
9303
5170
6190
6482
4461
6384
6265
7870
1235
2463
7206
7114
2096
9778
292
9507
5749
9740
5336
7330
7491
2871
2095
5724
726
5956
1597
3584
8799
6975
845
8342
2533
6556
6990
228
301
6596
9929
1141
4317
6373
5518
5625
8910
4004
5103
6606
4008
6409
919
6507
9781
4092
1056
5188
6456
7969
2139
9711
6698
4276
2680
7405
6603
120
5093
2869
5386
6644
9831
1655
3108
8970
749
8176
435
2094
6874
3081
4351
9719
2075
5815
8974
8674
787
1342
1205
4972
4888
6164
6783
8867
4139
7642
3520
5298
142
2366
4988
3032
1707
3877
9705
489
7703
7375
8023
8739
2028
9229
1343
2521
4130
2076
5996
8212
7689
2086
7243
3675
9531
3585
7153
8628
614
7622
3847
5802
1003
5324
8579
2471
1177
3891
1398
9210
2712
2973
5819
7687
2389
1793
7794
2145
5154
2909
4570
9867
2976
6754
4542
4346
8621
2222
112
1167
5634
2484
1710
649
8428
1921
2650
3213
9233
9652
1310
3117
1932
7419
9210
3706
6279
4837
1022
2675
9876
2912
5287
8945
9408
7603
2659
3718
7111
8739
1870
7026
3219
6056
2304
7682
227
3344
6037
8897
209
3722
1531
4042
2129
3919
5775
7044
2128
3112
1608
9721
6101
2342
2184
3997
515
3816
5122
386
4403
5520
4734
5401
2732
5480
1912
9599
8930
1718
7743
4877
2263
8522
8748
4318
3971
6986
8728
397
4573
7927
4659
7700
3624
8298
1809
4395
2326
7986
6315
2708
8883
2477
1812
2352
6237
8324
405
2477
1952
2534
7257
7069
355
4071
2387
5928
7823
5506
2868
8368
3067
5515
3564
9605
5650
8402
4797
429
7603
5117
862
9207
4963
1355
4206
1515
8348
2206
6257
6796
4263
9590
7379
3283
1726
8231
5242
2158
2032
8288
3024
9429
2973
7908
6260
9285
2704
6980
9944
5890
2561
4118
5512
1468
2624
2542
711
7317
8583
6910
4056
968
3550
2412
9541
